Asfalto 2.99 0.03 -0.05 0.5 0.2 -1.2 1 1 1 0 0
Asfalto 1.97 0.01 0 0 0 0 1 1 1 0 0
Asfalto 0.99 0 0 0 0 0 1 1 1 0 0
Asfalto -0.98 0.04 0 0 0 0 1 1 1 0 0
Asfalto 0.02 0.01 0 0 0 0 1 1 1 0 0
Predio 2.02 -0.02 -1.05 -0.1 1.49012e-08 0.2 1 1 1 0 0
Casa 0.95 -0.01 -1.05 1 -0.7 0.5 1 1 1 0 0
Loja -1.15 0.03 -1.06 0 0 -0.1 1 1 1 0 0
Ambulancia 0 0 0.84 0.2 -89.1 -0.4 1 1 1 0 0
Caminhao 2.6 0.13 0.92 0.8 -90.4 -3 1 1 1 0 0
Dirigivel -1 6.9 -1.52 -5.1 20.3 0.3 1 1 1 0 0
Arvore -2.34 0.0799999 -0.15 0 0 1.4 1 1 1 0 0
Arvore -3.01 0.07 -0.14 0 0 0.7 1 1 1 0 0
Arvore -1.71 0.06 -0.15 0 0 -0.4 1 1 1 0 0
Arvore -2.04 0.05 -0.68 0 0 7.8 1 1 1 0 0
Arvore -2.75 0.05 -0.8 0 0 0.4 1 1 1 0 0
Asfalto -3.99 2.98023e-08 0 0 0 0 1 1 1 0 0
Asfalto -3.02 1.49012e-08 0 0 0 0 1 1 1 0 0
Asfalto -2 1.49012e-08 0 0 0 0 1 1 1 0 0
Asfalto 4.01 -1.49012e-08 0 0 0 0 1 1 1 0 0
Asfalto 5.01 9.31323e-09 0 0 0 0 1 1 1 0 0
Asfalto 5.99 0.0100001 0 0 0 0 1 1 1 0 0
Predio 3.55 -0.05 -1.1 -0.6 0.2 -0.7 1 1 1 0 0
Loja 5.05 2.98023e-08 -1.09 0.2 0 0.2 1 1 1 0 0
Casa -4.3 -0.02 -1.06 0 0 1.5 1 1 1 1 0
